     0.013233236 
     0.021391913 
    -0.039462095 
    -0.022976967 
      0.15301180 
    -0.030241913 
      0.10525850 
     -0.13505825 
  -0.00083980383 
   0.00067914472 
     0.028938212 
      0.19343914 
      0.21434446 
      0.19654679 
     -0.30467321 
    -0.081014343 
      0.14295624 
     0.075352872 
      0.21830315 
     -0.10480858 
      0.26488033 
     -0.21291297 
    -0.036236450 
    -0.055321990 
     0.070509327 
    -0.057371040 
    0.0059429650 
    -0.079346552 
     -0.14998509 
     0.033392471 
    -0.043419184 
     0.028773329 
      0.34648587 
     0.018534837 
   -0.0094015666 
     0.014992234 
     0.051792952 
     -0.37651472 
   -0.0013187560 
     0.040926961 
      0.10172555 
      0.31664469 
     0.030446168 
    -0.095313182 
     -0.27314211 
    -0.036409584 
      0.39227971 
      0.43930501 
    0.0092531311 
      0.15832768 
     -0.32218868 
      0.12795793 
      0.50744900 
      0.11104865 
    -0.044016894 
     0.010438680 
   -0.0063837292 
     0.091745004 
      0.14950952 
     -0.24910600 
      0.28615022 
     -0.38140631 
     -0.18827680 
    -0.055615998 
     0.011117201 
      0.14019061 
    -0.066058963 
   -0.0081340455 
     -0.11128385 
    -0.071088505 
    -0.011624968 
    -0.040917698 
     0.052249400 
     0.015553777 
      0.10122696 
    -0.022475552 
    -0.029609871 
    -0.015857016 
     0.039584103 
   -0.0089506035 
    -0.089293240 
     0.013250577 
    -0.038361702 
     -0.10551912 
     -0.13406621 
    -0.045610849 
     0.075346450 
