0.010536
0.010536
0.004909
0.007817
0.010536
0.010536
0.010536
0.010536
0.004909
0.004909
0.010536
0.010536
0.010536
0.010536
0.010536
0.007817
0.010536
0.007817
0.010536
0.007817
0.010536
0.010536
0.010536
0.010536
0.010536
0.010536
0.010536
0.010536
0.010536
0.010536
0.010536
0.010536
0.010536
0.010536
0.010536
0.010536
0.010536
0.010536
0.007817
0.010536
0.007817
0.010536
0.010536
0.010536
0.010536
0.010536
0.010536
0.010536
0.010536
0.010536
0.010536
0.010536
0.010536
0.009201
0.009201
0.007817
0.007817
0.007817
0.007817
0.007817
0.007817
0.007817
0.010536
0.010536
0.007817
0.010536
0.006383
0.006383
0.007817
0.007817
0.007817
0.007817
0.007817
0.007817
0.007817
0.007817
0.006383
0.010536
0.010536
0.010536
0.006383
0.006383
0.006383
0.010536
0.006383
0.007817
0.004909

