0  86  8.35  11.88  10.78  0.02  0.22  0.02  0  0  0  4.41  0  210  36.02  13  0.93  2.58  320  5  147  2.4  0.15  0.007  0.005  0.98  0.02  0.1  0  0  0  0.5  0  0  32  0.1
0  150  8.03  12  11.96  0.72  4.18  0.39  0.12  0.17  0  33.18  0  201  35.87  12  0.87  2.55  291  81  51  2.29  0.15  0.003  0.01  0.93  0.02  0.12  0  0  0  0.5  0  0  32  0.5
0  26  0.36  0.53  0.5  0.23  1.33  0.12  0.04  0.06  0  7.93  0  9.9  1.98  0.84  0.03  0.01  14.21  26  16  0.11  0.05  0  0  0.04  0  0.01  0  0  0  0.5  0  0  1.5  0.5
0  134  1.08  29.21  22.68  0.17  0.98  0  0.03  0.04  0  7.01  0  27  0  7  0.08  0  51.5  19  18  1.93  0.15  0.001  0.011  0.67  0.03  0.16  0  0  0  0  0  0  5  0.1
0  134  2.38  15.74  13.7  0.63  3.64  0.34  0.11  0.16  0  29.5  0  60  9.7  1.5  0.31  0  88  71  45  0.35  0.23  0.001  0.004  0.71  0.01  0.06  0  0  0  0.25  0  0  6.5  0.5
0  233  10.01  43.62  36.9  0.21  1.23  0.12  0.02  0.05  0.8  9.62  0  292  33.66  21  1.06  0  345  25  18  1.5  0.15  0.011  0.148  1.68  0.18  0.16  0  0  0  0.5  0  0  23  0.25
0  112  13.55  2.91  2.91  0.31  2.62  0.23  0.04  0.11  0  16.17  0  395  15.95  13  0.66  0.06  63  49  28  0  0.18  0.024  0.004  0.39  0.03  0.15  0  0  0  0.25  0  0  11  0.25
0.05  105.5  4.54  0.5  0.47  0.67  5.08  0.46  0.12  0.19  0  30.05  0  118.25  13.44  4.52  0.18  0.31  113.63  96  57  0  0.18  0.003  0.002  0.52  0.01  0.27  0  0  0.06  0.25  0  0  5.5  0.5
0.05  36  0.04  0.02  0.02  0  0.68  0.71  0.05  1.67  0  0  0  1  0  0.05  0.01  0.37  1.5  33  50  0.01  2.16  0  0  0  0  0  0  0  0  0  0  0  0.25  0.25
0.05  36  0.04  0  0  0.36  2.08  0.13  0.06  0.09  0  10.94  0  1  0  0.15  0.01  0.04  1  40  26  0  0.08  0  0.1  0.01  0  0.01  0  0  0  0  0  0  0.25  0
0  83  0.71  21.97  18.2  0  0.05  0  0.01  0.03  1.5  0  0  3  14  0.94  0  0  13.9  0  0  0.94  1.41  0  0.087  0.08  0.08  0.59  0  0  0  0  0  0  8.5  0
0  105  1.17  26.71  15.28  0  0.16  0  0.03  0.07  1.82  0  0  12.5  57  21.8  0  0  6.84  56  0  10.4  0.31  0.001  0.35  0.18  0.11  0.35  0  0  0  0  0  0  11.5  0
0  46.73  1.17  11.16  11.16  0  0  0  0  0  1.07  0  0  0  66.75  22.7  0  0  14.69  2199  0  56.32  0.19  0.001  0.063  0.21  0.05  0.28  0  0  0  0  0  0  13.5  0
0  77.12  1.49  17.3  17.3  0  0  0  0  0  0.96  0  0  14.46  120.5  5.3  0  0  19.28  530  0  23.2  0.2  0.002  0.089  0.17  0.07  0.41  0  0  0  0  0  0  24  0
0  81  0.26  21.04  18.21  0  0.08  0  0.03  0.12  3.04  0  87  3  69  3.9  0  0  10  44  0  7.8  0.81  0.001  0.062  0.05  0.06  0.25  0  0  0  0  0  1  20.5  0
0  87  0.11  21.72  18.23  0  0.02  0  0.02  0.06  0.39  0  87  3  93  0.19  0  0  13.05  1  0  1.73  0.02  0.001  0.21  0.05  0.04  0.69  0  0  0  0  0  0.125  18.5  0
0  61.6  1.23  15.39  11.65  0  0.01  0  0.01  0.03  3.14  0  0  26.2  65.5  39.7  0  0  52.4  161  0  69.7  0.31  0.002  0.033  0.09  0.05  0.13  0  0  0  0  0  0  13  0
0  70  1.05  16.71  16.42  0  0.02  0  0  0.02  0.16  0  0  4.65  77.5  28.07  0  0  12.39  73  0  53.35  0.06  0.001  0.022  0.11  0.06  0.69  0  0  0  0  0  0  8  0
-0.05  36.1  0.66  9.02  7.08  0  0.01  0  0  0.02  1.56  0  0  2.44  60  11.23  0  0  17.56  89  0  44.39  0.3  0  0.012  0.09  0.06  0.15  0  0  0  0  0  0  12  0
0  70.42  0.96  16.58  11.65  0  0.02  0  0  0.04  0.33  0  0  0.33  92.5  19.23  0  0  12.98  7  0  54.07  0.07  0.001  0.037  0.17  0.07  0.37  0  0  0  0  0  0  9.5  0
0  22.35  0.46  5.25  4.24  0  0.01  0  0.06  0.08  1.94  0  4  0.75  37.25  13.2  0  0  10.45  12  0  42.25  0.09  0.001  0.216  0.1  0.04  0.28  0  0  0  0  0  1  7.5  0
0  40.6  0.49  10.25  5.29  0  0  0  0  0  1.67  0  2  8  36.25  4.64  0  0  4.35  43  0  9.45  0.09  0.001  0.205  0.08  0.04  0.12  0  0  0  0  0  1  7.5  0
0  55.03  0.9  14.21  10.24  0  0.01  0  0  0.05  2.05  0  0  21.78  64  4.36  0  0  6.4  411  0  8.45  0.13  0.001  0.06  0.18  0.09  0.14  0  0  0  0  0  0  13  0
-0.15  29.97  1.29  7.04  4.33  0  0.03  0  0.01  0.09  1.76  0  8  7.97  133.3  24.07  0  0  9.95  566  0  22.55  0.38  0.001  0.123  0.21  0.16  0.8  0  0  0  0  0  1  13.5  0
0  74.29  7.9  1.84  0.31  0  0.68  0  0.31  2.33  0.6  0  413  101  333.2  14.7  0  0  103  50  0  0.08  0.4  0.045  0.593  0.79  0.19  5.26  0  0  0  0  0  2  49  0
-0.1  18  0.92  4.13  1.4  0  0.01  0  0.02  0.02  1.08  0  62  11.5  231.2  22.3  0  0  30.5  193  0  5.55  0.09  0.001  0.251  0.42  0.04  0.56  0  0  0  0  0  1  7  0
-0.1  21.5  2.41  4.15  1.11  0  0.01  0  0.03  0.01  3.08  0  14  28.67  78  43.85  0  0  39.63  831  0  31.07  0.36  0.001  0.252  0.24  0.03  0.48  0  0  0  0  0  1  8  0
-0.1  14.7  0.99  3.15  0.98  0  0.02  0  0.04  0.02  1.35  0  0  7.42  153.86  37.66  0  0  23.16  27  0  36.54  0.51  0.001  0.11  0.11  0.01  0.35  0  0  0  0  0  1  6  0
-0.1  30.05  2.24  5.69  1.28  0  0.03  0  0.05  0.02  2.57  0  6  21.24  207.08  45.07  0  0  41.13  918  0  35.64  3.83  0.001  0.306  0.24  0.04  0.68  0  0  0  0  0  1  8  0
-0.1  23.74  0.57  5.56  3.93  0  0.03  0  0.01  0.07  1.86  0  5  3.61  51.3  7.53  0  0  15.43  11401  0  3.14  0.23  0.002  0.241  0.13  0.1  0.3  0  0  0  0  0  1  5.5  0
-0.1  88.39  2.73  20.55  1.89  0  0.16  0  0.02  0.48  7.03  0  25  56.44  30.34  38.02  0  0  2.13  107  0  5.11  0.06  0.001  0.159  0.39  0.04  0.5  0  0  0  0  0  1  8  0
-0.1  67  4.29  12.5  3.84  0  0.03  0  0.02  0.08  3  0  22  65  210.4  50.5  0  0  22  307  0  11.4  0.1  0.001  0.42  0.95  0.11  1.24  0  0  0  0  0  2  16  0
-0.1  54  2.61  11.9  4.18  0  0.07  0  0.04  0.15  2.1  0  0  31  162.89  17.3  0  0  22  4229  0  2.9  0.2  0.001  0.345  0.45  0.07  0.75  0  0  0  0  0  1  9  0
0  180  10.73  33.63  1.37  0  0.14  0  0.14  0.1  5.21  0  291  162  393  225  0  0  62.82  2  0  2.68  0  0.008  0.729  1.42  0.34  3.42  0  0  0  0  0  2  26  0
-0.1  39.5  0.91  8.95  3.77  0  0.12  0  0.16  0.1  2.87  0  0  11.5  35.88  28.7  0  0  14  2183  0  9.85  0.12  0.003  0.217  0.27  0.09  0.34  0  0  0  0  0  1  18  0
-0.1  25.31  0.75  5.97  3.3  0  0.04  0  0.01  0.07  2.52  0  0  8.44  31.5  12.94  0  0  4.69  32  0  1.22  0.03  0.003  0.123  0.13  0.09  0.32  0  0  0  0  0  1  9  0
-0.1  116  1.49  27.57  5.7  0  0.02  0  0.01  0.04  1.84  0  193  19.85  35  16.03  0  0  13.97  13067  0  12.13  4.56  0.001  0.161  0.2  0.21  0.52  0  0  0  0  0  1  10  0
-0.1  18.6  2.21  3.37  0.18  0  0.03  0  0.06  0.01  1.72  0  0  41.12  173.74  102.29  0  0  93.5  3506  0  13.43  1.36  0.001  0.675  0.47  0.1  1.45  0  0  0  0  0  1  7.5  0
-0.05  7.28  0.57  1.17  0.9  0  0.01  0  0.04  0.02  0.56  0  0  8.15  56  31.36  0  0  10.69  111  0  2.19  0.22  0  0.085  0.12  0.02  0.28  0  0  0  0  0  0.5  0.3  0
-0.1  8.96  0.9  1.33  0.82  0  0.01  0  0.04  0.02  0.95  0  0  11.2  56  76  0  0  20.2  872  0  13.4  0.22  0  0.356  0.14  0.02  0.62  0  0  0  0  0  0.5  3  0
-0.05  6.67  0.3  1.46  0.44  0  0.01  0  0  0.03  0.64  0  0  2.67  40  11.33  0  0  16  32  0  2.8  0.14  0  0.041  0.05  0.01  0.16  0  0  0  0  0  0.25  2  0
-0.1  27  0.78  6.1  3.67  0  0.02  0  0  0.04  1.6  0  3  9  85  20.4  0  0  16  6  0  2.5  0.03  0.001  0.244  0.18  0.05  1.55  0  0  0  0  0  1  8.5  0
0  99.46  6.77  0.68  0.03  0  2.18  0  0.07  1.47  0  230.98  0  211  428.25  19.02  0.46  0.67  27.5  83  104  0  0.62  0.013  0.014  0.6  0.01  0.78  0  0  0  0  0  0  165  0.5
0  212  32.03  0  0  0  3.4  0  0.16  2.5  0  86  0  868  215  3.29  0.35  0  15.36  3  16  0  0.38  0.029  0.02  1.1  0.06  1.14  0  0  0  0  1  0  11  0.5
0  149  27.94  0  0  0  0.97  0  0.07  1.08  0  69.3  0  773  180  3.6  0.3  0  13.61  1  4  0  0.32  0.024  0.016  0.9  0.05  0.93  0  0  0  0  1  0  9  0.5
0.15  71.69  3.95  0.75  0.08  0.02  2.29  0.06  0.08  0.88  0  14.3  0  88.08  14.06  0.59  0.76  0.24  1.97  0  0  4.45  0.05  0.004  3.4  0.5  0.03  0.4  0  0  0.3  0  0.5  0  4  0.5
0.15  144  5.076  1.15  0.61  0.04  3.81  0  0.18  1.05  0  22.5  0  103  65.7  1.58  0.58  0.4  4.95  0  0  11.68  0.06  0.004  0.014  0.83  0.04  0.52  0  0  0.68  0  1  0  9  0.5
0  212  26.17  7.69  0  0  2.48  0.29  0.26  1.08  0  381.22  0  662  535  216  110  0.34  10.78  2094  9450  22.48  0.62  0.055  0.415  5.34  4.42  6.16  0  0  0  0  1  0  19.5  0.5
0  401  37.14  0  0  0.04  9.47  1.22  0.18  1.06  0  116.2  0  950.5  98.14  12.6  3.74  0  15.4  0  0  0  0.27  0.036  0.022  7.82  0.13  4.02  0  0  0  0  1  0  20.5  0.5
0  194  28.59  0  0  0  1.5  0  0.2  2.63  0  17.64  0  845  83.79  5.2  2.16  10  12.8  5  21  0  1.64  0.07  0.015  0.88  0.07  1.36  0  0  0  0  0  0  10  1
0  206  30.62  0  0  0.22  2.94  0  0.22  0.39  0  78.22  0  888  95.76  2.64  3.65  14.18  11.86  32  52  1  1.53  0.054  0.017  0.34  0.09  1.36  0  0  0  0  1  0  11.5  1
0  194  28.58  0  0  0.22  1.63  0  0.64  0.19  0  82.7  0  829  95.76  7.91  9.75  14  18.14  27  27  1  0.44  0.037  0.017  1.05  0.04  0.91  0  0  0  0  0.5  0  11.5  1
0  206  18.2  9.75  0  0.17  1.16  0  0.3  0.14  0.48  170.72  0  502  72.68  6.9  1.59  10  57  29  62  1.28  0.81  0.027  0.085  1.17  0.16  1.07  0  0  0  0  0  0  8.5  1
0  83.3  1.84  19.5  7.77  0  0.02  0  0  0.08  0.45  0  62  112  21.34  80.1  0  1.01  0.68  29  166  12  0.02  0.001  0.019  0.06  0.02  1.43  0  0  0  0  0  0.125  2.5  0
0  145  6.08  25.3  0.57  0  0.38  0  0  0.87  2.1  0  260  112  31.32  9.36  0  0  18.7  23  0  0  3.53  0.02  1.37  1.15  0.13  1.59  0  0  0  0  0  0.5  23.5  0
0  137.33  4.25  26.62  0.75  0  0.16  0.06  0.02  0.25  1.56  0.43  81  76.24  61  15.78  0  0  70.23  0  0  0  0.07  0.016  0.157  0.36  0.1  4.34  0  0  0  0  0.25  0.5  11.5  0
0  137  5.4  25.31  1.32  0  0.17  0.06  0.03  0.29  6.34  0.84  218  89.6  51.52  30.91  0  0  40.32  0  0  0  0.07  0.025  1.331  0.94  0.08  1.92  0  0  0  0  0.25  0.5  16.8  0
0  123  3.08  17.43  9.58  0.03  1.13  0.32  0.06  0.88  0.87  20.6  115  58.43  21.32  12.95  0  0  43.05  14  8  0  0.05  0.005  1.3  0.69  0.02  0.62  0  0  0  0  0.25  0.25  4  0
0  186  5.39  39.7  0.2  0  0.21  0  0.02  0.42  5.12  0  269  101.23  175.26  20.79  0  0  19.07  0  0  0  1.33  0.076  1.453  1.15  0.17  1.31  0  0  0  0  0  1  9.5  0
0  267  4.84  58.9  0.2  0  0.16  0  0.02  0.12  2.65  0  166  114  180.4  3  0  0  2.05  0  0  0  0.11  0.021  0.733  0.82  0.12  2.99  0  0  0  0  0  0.5  10.5  0
0  155  5  32  1.26  0  0.12  0  0.03  0.35  2.24  0  364  270  72.8  16.8  0  0  11  0  0  0  0.84  0.085  0.322  0.7  0.14  1.3  0  0  0  0  0  0.5  14  0
0  287  9  38.3  8.73  0.22  2.85  1.61  0.26  1.29  1.92  263.54  262  195  68.33  14.45  1.73  0  173  83  136  0  0.4  0.015  0  0.93  0.1  1.29  0  0  0  0  0  0.5  13  0
0  301.75  4.08  35.15  1.23  0  4.59  2.12  0.28  4.72  2.23  0  111  36.86  89.84  25.29  0  0  15.88  1  0  24.27  1.32  0  0.3  0.6  0.21  1.13  0  0  0  0  0  1  11.5  0
0  195  4.12  45.23  2.16  0  0.05  0  0.09  1.6  5.04  0  170  65.15  222.6  19.12  0  0  10.5  42  63  26.92  0.06  0.001  0.338  0.61  0.36  0.74  0  0  0  0  0  1  63  0
0  35  0.67  5.17  0.06  0.01  0.51  0.19  0  0.24  0.26  0.55  24  10  3.9  1  0  0  0.59  2  1  0  0.03  0.002  0.021  0.05  0.01  0.11  0  0  0  0  0  0  0.5  0
0  559  39.49  64.71  6.34  1.15  10.73  0  0.29  1.37  5.32  67.63  200  902  120  82.03  1.09  0  307  556  79  4.86  0.9  0.015  0.358  3.4  0.29  4.65  0  0  0  0  0  0.5  24  0
0  3.6  0.37  0.37  0  0  0  0  0  0  0  0  0  0  0  0  0  0  14.35  0  0  0  0  0  0.122  0.29  0.04  0.109  50.35  0  0  0  0  0  0  0
0  147  0  37.4  37.8  0  0  0  0  0.07  0  0  0  0  0  0  0  0  10.8  0  0  0  0  0  0.129  0.02  0.04  0.14  36  0  0  0  0  0  0  0
0  97.8  0  24.72  22.62  0  0  0  0  0.02  0  0  0  0  0  1.4  0  0  10.29  415  0  61.14  0.05  0.001  0.369  0.18  0.09  0.34  0  0  0  0  0  0  0  0
0  4  0.2  0.8  0  0  0  0  0  0  0  0  17  0  0  0  0  0  3  0  0  0  0  0  0.022  0  0.02  0.07  2  0  0  0  1  0.125  0  0
0  4.8  0.24  0.96  0  0  0  0  0  0  0  0  17  0  0  0.24  0  0  4.8  0  0  0  0  0  0.065  0.05  0.02  0.12  141  0  0  0  1  0.125  0  0
0  2.4  0  0.72  0  0  0  0  0  0  0  0  5  0  0  12.49  0  0  0  0  0  0  0  0  0.527  0.05  0.02  0.05  48  0  0  0  0  0.125  0  0
0.05  148  1.08  13.33  1.08  0  0  0  0  0  0.85  0  0  3.6  0  21.58  0.07  0  18.06  0  0  0  0  0.001  0.048  0.07  0.04  0.11  0  12.97  3.2  0  0  0  0  0.5
0  82.58  0.23  1.97  0.81  0  0  0  0  0  0  0  0  0  0  2.32  0.01  0  9.28  0  0  0  0  0.001  0.692  0.11  0.01  0.5  0  10.77  0  0  0  0  0  0.5
0  79.04  0.12  0.93  0.81  0  0  0  0  0  0  0  0  0  0  0.23  0  0  10.46  0  0  0  0  0.001  0.531  0.08  0.01  0.35  0  10.77  0  0  0  0  0  0.5
0.05  118  0  0  0  0  0  0  0  0  0  0  0  0  0  0  0  0  0  0  0  0  0  0  0  0  0.01  0  0  17.06  0  0  0  0  0  0.5
0  280  5  32.47  30.8  0  10.39  1.75  0.14  0.6  0.6  11.28  72  4  0  3.92  0  0.77  129.77  23  34  0  0.51  0.002  0  0.95  0.17  0.6  11.09  0  0  0  0  0  12.5  0
0  121  1.26  15.47  15.62  0.5  2.75  0.6  0.13  0.74  0.69  11.92  43  0  13.26  2.34  0.03  0  5.29  4.5  3.5  0  0.68  0.002  0.071  0.12  0.08  0.57  5.71  0  0  0  0.25  0.125  5  0
0  336.54  4.47  43.39  28.35  0.23  6.83  2.03  0.17  2.17  0.82  36.36  235  113  36.57  6.36  0.13  0  70.9  19  20  0  1.31  0.005  0.24  0.54  0.11  1.29  0  0  0  0  0.25  0.25  17  0
0  263.5  1.92  47.36  17.12  0.02  6.18  1.95  0.19  1.68  1.89  8.52  100  90  61.36  5.9  0  0  10.66  34  0  1.75  1.88  0.013  0.331  0.2  0.1  1.07  0  0  0  0  0  0  23.5  0
0.05  178.6  6.4  5.26  1.82  0.01  2.41  0  0.04  4.14  2.16  0  331  80.64  46.36  19.65  0  0  15.39  1.5  0  0.06  2.24  0.002  0.521  0.94  0.33  0.79  0  0  0  0.75  0  0.25  9  0
0  40  1  5  0.05  0  0.25  0  0.04  0.68  0.38  0  55  22  0  0.83  0  0  1.5  0  0  0  0.03  0.002  0.025  0.4  0.02  0.2  0  0  0  0  0  0  0.5  0
0  9.46  0.64  2.09  0.1  0  0.08  0  0.04  0.28  0.42  0  162  11.1  7.58  5.43  0  0  2.11  0  0  0  0.11  0.01  0.43  0.32  0.06  0.31  0  0  0  0  0  0  0.5  0
0  163  9.47  16.6  10.58  0.35  2.45  0.06  0.12  0.96  0.9  21.61  0  203  18.23  9.67  10.2  1.75  186  41  28  3.47  0.1  0.008  0.253  0.8  0.14  1.5  0  0  0  0.25  0  0  12.5  0.5
0.05  68.7  0  1.5  0.62  0  0.99  0.13  0.49  3.62  0.05  0  0  2.65  0  0.72  0.02  0  1  7  0  0  0.74  0.001  0  0.02  0.01  0  0  0  0  0  0  0  1.5  0.125
0.05  57.3  0.13  4.91  0.24  0  1.62  0.04  0.58  5.12  0  8.14  0  3.38  50.36  0.92  0.03  0  2.06  7  8  0  0.59  0.001  0  0.03  0.03  0.03  0  0  0  0  0  0  1.5  0
0  49.58  0  12.8  13.52  0  0.03  0.06  0.01  0.07  0.06  0  0  0  0  1.44  0  0  2.19  0.33  0  0  0.02  0  0  0.01  0.02  0.14  0  0  0  0  0  0  0  0
